# Created by Octave 5.1.0, Sun Nov 17 16:39:42 2019 PST <dsp@MacBook-Pro-103.local>
# name: v
# type: matrix
# rows: 1
# columns: 4
 1 2 3 4


